/*--------------------------------*- C++ -*----------------------------------*\
| =========                 |                                                 |
| \\      /  F ield         | foam-extend: Open Source CFD                    |
|  \\    /   O peration     | Version:     4.1                                |
|   \\  /    A nd           | Web:         http://www.foam-extend.org         |
|    \\/     M anipulation  |                                                 |
\*---------------------------------------------------------------------------*/
FoamFile
{
    version     2.0;
    format      binary;
    class       faceSet;
    location    "constant/polyMesh/sets";
    object      wall;
}
// * * * * * * * * * * * * * * * * * * * * * * * * * * * * * * * * * * * * * //


1006
(
40960 
40961 
40962 
40963 
40964 
45060 
40967 
40976 
40977 
45078 
45080 
45081 
38937 
38938 
38939 
38940 
40997 
45094 
40998 
40999 
41000 
41001 
45097 
41002 
45098 
41003 
45099 
41004 
41009 
45106 
45108 
41019 
41020 
41022 
45121 
45122 
45123 
45124 
41033 
41034 
41035 
45132 
41036 
41037 
41038 
41039 
45135 
41045 
41046 
41047 
41048 
43105 
43106 
43107 
41060 
41061 
41062 
41069 
39022 
41070 
39049 
41125 
41126 
41127 
41128 
41129 
39091 
39092 
39093 
39113 
39114 
41162 
39115 
41163 
39116 
41164 
41165 
41166 
41167 
41168 
43218 
43219 
45275 
39132 
39135 
39136 
43237 
43238 
39150 
41213 
41214 
41215 
41216 
39186 
39187 
39188 
39189 
39190 
41249 
41250 
41251 
41252 
41253 
43301 
43302 
41254 
41255 
43303 
41256 
41257 
39215 
41267 
39221 
39222 
39223 
39237 
39238 
39239 
39284 
39285 
43399 
43400 
41365 
41366 
41367 
41368 
41369 
41370 
41371 
39329 
39330 
39331 
39340 
39341 
39342 
39363 
39364 
39365 
39366 
39367 
41428 
41429 
41430 
41431 
41432 
41433 
41434 
41435 
41436 
41437 
41438 
41439 
41440 
41441 
39404 
39405 
39406 
39411 
39412 
39413 
39414 
39415 
39416 
39417 
39418 
39419 
43537 
43538 
39444 
39446 
39447 
39476 
39477 
39478 
39479 
39480 
39484 
39485 
39486 
43587 
43588 
43589 
39498 
43604 
43605 
43606 
39511 
43607 
39513 
39515 
43629 
43630 
43631 
43632 
43633 
43634 
43635 
43636 
43637 
43638 
39550 
41599 
39552 
41600 
41601 
41602 
41603 
41604 
41605 
39566 
39567 
39568 
39573 
39574 
39578 
39580 
39581 
39610 
39611 
39630 
39631 
39654 
39657 
39659 
39661 
39663 
39666 
39668 
39669 
39672 
39674 
39676 
39678 
39679 
39682 
39683 
39686 
39688 
39689 
39690 
41742 
39695 
41743 
41744 
39697 
41745 
39699 
39700 
39702 
39703 
39705 
39706 
39709 
39710 
39713 
39715 
39717 
39718 
39719 
39721 
39722 
39725 
39727 
39728 
39730 
39731 
39732 
39734 
39736 
39738 
39741 
39743 
39745 
39751 
39753 
39754 
39755 
39756 
39757 
39759 
39761 
39762 
39763 
39764 
39767 
39769 
39772 
39773 
39777 
39778 
39780 
39782 
39784 
39786 
39788 
39791 
39793 
39794 
39795 
39797 
39799 
41848 
41849 
39802 
41850 
41851 
39803 
41852 
41853 
39806 
41854 
41855 
39808 
39810 
39813 
39815 
39819 
39820 
39823 
39824 
39825 
39826 
39828 
39831 
39834 
39836 
39837 
43934 
39840 
39841 
39842 
39843 
39848 
39849 
39894 
39899 
39924 
39926 
39929 
39930 
39935 
39936 
39937 
39938 
39939 
39940 
42002 
42003 
42004 
39959 
39960 
39961 
39962 
39963 
42024 
42025 
42026 
42027 
42028 
42033 
44081 
42034 
44082 
42035 
44083 
42036 
42037 
42038 
44087 
42039 
42040 
42041 
44089 
44090 
44092 
39996 
44093 
39997 
44094 
39998 
39999 
44096 
44097 
44101 
44102 
44103 
44104 
44105 
44106 
40012 
40013 
40014 
44110 
40015 
44111 
44112 
40017 
40018 
44114 
40019 
44115 
44116 
44117 
40022 
44118 
42077 
42078 
42079 
42080 
42081 
42082 
40035 
40038 
40041 
42089 
40046 
40048 
40049 
40055 
40056 
44155 
44156 
44157 
40063 
44159 
44160 
44161 
44162 
44165 
40070 
44166 
40071 
44167 
44168 
40073 
44169 
40074 
44170 
40075 
44171 
40076 
44172 
40077 
44173 
40078 
44174 
44175 
40079 
40080 
40082 
44179 
44180 
40085 
44181 
44182 
44183 
44184 
40088 
44185 
44186 
44187 
40106 
44202 
40107 
44203 
44204 
40112 
44211 
44212 
44213 
40130 
40132 
40151 
40153 
40155 
40156 
40171 
40172 
40173 
40174 
40175 
40176 
40177 
40179 
40184 
40185 
42234 
40187 
42235 
40188 
40190 
40192 
40193 
40194 
40195 
44291 
44292 
40196 
40197 
44293 
40198 
40199 
44295 
44296 
44297 
40201 
44298 
40205 
40207 
40210 
40212 
40213 
40214 
40216 
42265 
40218 
40219 
40220 
42273 
44322 
42274 
40226 
40227 
44323 
42275 
44324 
40229 
44325 
44326 
44327 
44328 
44329 
42281 
42282 
40235 
42283 
42284 
42285 
42286 
42287 
44339 
44340 
44341 
44342 
44346 
44347 
40252 
44348 
44349 
44350 
44351 
44352 
44353 
42311 
42312 
40268 
40276 
40281 
40284 
40286 
42335 
42336 
42337 
40293 
40294 
40295 
40296 
40297 
40298 
40299 
40300 
40308 
44405 
44412 
44413 
44414 
44415 
40322 
40323 
40324 
42373 
40325 
40326 
40327 
42376 
44425 
40332 
44430 
40334 
44431 
44432 
40337 
44433 
40338 
44434 
44435 
44436 
44438 
44439 
44440 
42393 
44442 
44444 
40352 
44449 
40353 
40354 
44451 
40363 
40364 
40365 
40369 
40371 
44468 
44469 
40374 
44470 
42426 
42427 
42428 
42429 
42430 
42431 
44484 
40389 
40392 
44490 
40397 
40400 
40401 
40402 
44499 
40403 
40404 
44500 
40406 
40407 
40408 
40411 
40412 
40413 
42462 
44511 
44513 
44515 
44517 
44518 
44519 
40425 
40426 
40427 
40428 
42476 
40429 
44525 
42477 
40430 
40431 
44527 
42480 
40433 
42481 
44531 
40436 
44534 
44536 
44538 
40442 
40443 
40444 
44540 
40445 
44542 
40446 
44543 
40447 
40448 
44544 
40449 
44545 
40450 
40451 
40453 
44551 
40459 
44559 
44560 
44561 
44565 
40469 
44566 
40470 
40471 
40473 
40478 
44574 
40479 
40481 
40482 
40486 
42534 
42535 
44583 
44584 
40488 
42536 
40489 
44587 
40493 
44593 
40497 
42545 
42546 
40498 
44594 
40499 
44598 
40503 
40505 
40506 
44606 
44607 
40514 
40517 
40518 
40521 
42570 
40523 
40527 
40531 
40534 
40535 
40536 
40537 
40538 
40539 
40540 
40541 
40542 
40543 
42591 
42592 
42593 
42594 
40547 
40548 
40549 
40550 
40552 
40553 
40554 
40555 
40562 
42610 
40563 
42611 
40564 
42612 
40565 
40568 
40569 
40570 
40571 
40572 
40573 
40574 
40575 
40578 
40582 
40584 
40585 
44689 
44701 
40607 
40608 
40609 
44705 
40610 
44706 
40611 
40613 
40614 
40619 
44721 
42675 
40627 
40628 
42676 
42677 
40629 
44726 
40632 
40635 
40636 
40645 
40646 
40649 
40651 
40653 
40654 
40655 
40656 
40657 
40658 
40659 
40660 
40661 
40662 
40664 
40677 
40678 
40680 
40681 
40682 
38639 
40688 
38640 
38641 
40689 
42738 
40691 
38643 
42739 
40692 
38647 
40699 
40703 
38657 
38658 
40708 
38665 
44810 
40718 
40723 
40724 
42776 
42777 
42778 
40732 
40737 
40739 
40741 
40746 
40748 
40754 
40756 
40758 
40759 
40760 
40762 
40763 
40765 
38717 
38718 
44862 
44863 
44864 
38721 
44866 
38724 
40776 
44873 
44875 
40780 
40786 
44882 
42835 
44883 
40788 
44884 
40794 
40795 
44894 
44895 
44897 
40801 
44899 
44901 
44902 
44903 
44904 
44906 
40810 
40811 
40812 
40813 
44909 
40814 
40815 
40816 
44913 
40817 
44915 
44916 
40822 
44918 
40823 
40824 
44920 
40825 
40826 
40827 
44924 
40828 
40829 
44926 
40830 
44927 
40831 
40832 
44928 
40833 
40834 
40835 
40836 
44932 
44933 
40838 
44936 
38793 
38794 
44939 
38795 
38796 
38797 
38798 
44942 
38799 
44943 
38800 
38801 
40851 
40852 
40853 
40854 
44952 
40858 
40859 
40860 
40861 
40862 
40863 
40864 
40865 
40874 
40875 
44971 
44972 
44973 
40879 
40880 
40882 
40883 
44979 
38839 
40887 
38840 
42936 
38841 
42937 
38842 
42938 
38843 
44987 
40891 
42939 
38844 
38845 
40894 
38846 
44991 
44994 
40902 
40904 
45002 
45003 
38860 
38861 
38864 
42963 
42964 
42965 
40931 
40933 
38885 
40934 
38887 
45033 
45034 
45035 
45036 
40942 
45039 
40943 
38897 
38898 
38899 
45044 
40953 
40954 
40955 
40956 
45053 
40957 
40958 
40959 
)

// ************************************************************************* //
