/*--------------------------------*- C++ -*----------------------------------*\
| =========                 |                                                 |
| \\      /  F ield         | foam-extend: Open Source CFD                    |
|  \\    /   O peration     | Version:     4.1                                |
|   \\  /    A nd           | Web:         http://www.foam-extend.org         |
|    \\/     M anipulation  |                                                 |
\*---------------------------------------------------------------------------*/
FoamFile
{
    version     2.0;
    format      binary;
    class       faceSet;
    location    "constant/polyMesh/sets";
    object      support;
}
// * * * * * * * * * * * * * * * * * * * * * * * * * * * * * * * * * * * * * //


300
(
27648 
28675 
28676 
27141 
27143 
28174 
27150 
27663 
27152 
27665 
27666 
28178 
27154 
27156 
28182 
28183 
27159 
27161 
27163 
28188 
27165 
27167 
29728 
27170 
30244 
27177 
28201 
27183 
30256 
28209 
28210 
27186 
28723 
28211 
28724 
28212 
27188 
30261 
30262 
28214 
27190 
29752 
29753 
28217 
30265 
27194 
27196 
27710 
27198 
27711 
30273 
27713 
27202 
30275 
30276 
27204 
28231 
28744 
27721 
28233 
27722 
27210 
28748 
27724 
27212 
28749 
28750 
29262 
29263 
28751 
27727 
28752 
27728 
28753 
30289 
28754 
27730 
28755 
27732 
30293 
27735 
27738 
27740 
30301 
30303 
27746 
27748 
27749 
27750 
27752 
27240 
27759 
27760 
27763 
27251 
27765 
27254 
28279 
27255 
28280 
28281 
27257 
28282 
27259 
28284 
27261 
27263 
27265 
27267 
29317 
27783 
27784 
27279 
27281 
28306 
27283 
27285 
28823 
28824 
28825 
26777 
29851 
26779 
29852 
26781 
27296 
27299 
27813 
27303 
27816 
27305 
28849 
28850 
27321 
27326 
29379 
27846 
26823 
27848 
26824 
28361 
27849 
28362 
26828 
26830 
30418 
27864 
27866 
26847 
26850 
27363 
28907 
28908 
28910 
29423 
29424 
27381 
27383 
29946 
27387 
27388 
29442 
27394 
29443 
29444 
27396 
26890 
27918 
27919 
26900 
27412 
26902 
27416 
27418 
26909 
26910 
27423 
27426 
27941 
27942 
26918 
28970 
27434 
27947 
28971 
27435 
28973 
27437 
28974 
27951 
28468 
27956 
28469 
27959 
28472 
27961 
28473 
27966 
30018 
27970 
30019 
28483 
28484 
28485 
27975 
28487 
27976 
28488 
29002 
27978 
27984 
30035 
26963 
29524 
29525 
29013 
26965 
29526 
29015 
27991 
29016 
27993 
27994 
29557 
28021 
29558 
29559 
28024 
28025 
28537 
30073 
28538 
28028 
30077 
28542 
28030 
28543 
28032 
28034 
27010 
27012 
28036 
28558 
30096 
30098 
27027 
27029 
27031 
30104 
27033 
30109 
30111 
30114 
28580 
28581 
30117 
28582 
28085 
28086 
27577 
27579 
29117 
29629 
27581 
29118 
29631 
29632 
29635 
28102 
28103 
27079 
29130 
27595 
29136 
29137 
29138 
27609 
27612 
28124 
28125 
27105 
27619 
27112 
27628 
27629 
28141 
27117 
27119 
28143 
28144 
28145 
27633 
27634 
28148 
27125 
28151 
28152 
27131 
27132 
27647 
)

// ************************************************************************* //
